Uniprot	Exp012_Bae_Liver_Control	Exp017_Yu_S16_SMase	Exp018_Yu_S16_SMase	Exp019_Yu_S16_SMase	Exp025_Man_RNK-16_Control	Exp026_Man_RNK-16_Control	Exp027_Man_RNK-16_Control	Exp035_Jia_Synaptosome_MbCD	Exp046_Welker_Liver_Control	Exp075_Chintagari_Pneumocyte_Control	Exp080_Ponce_Embryonic_cortical_neuron_Simvastatin	Exp081_Williamson_Embryonic_cortical_neuron_Control	Exp082_Williamson_Embryonic_cortical_neuron_Control	Exp087_Suzuki_Post_synaptic_membrane_Control	Exp100_Hur_Brain_Control	Exp101_Hur_Brain_Control
O08651	0	0	0	0	0	0	0	0	0	0	0	1	1	0	0	0
O08700	0	0	0	0	0	0	0	0	0	0	0	1	1	0	0	0
O08838	0	0	0	0	0	0	0	0	0	0	0	1	1	1	1	1
O08839	0	0	0	0	0	0	0	0	0	0	0	0	0	0	0	1
O08957	0	0	0	0	0	0	0	0	0	0	0	1	1	0	0	0
O35095	0	0	0	0	0	0	0	0	0	0	0	0	0	0	1	0
O35165	0	0	0	0	0	0	0	0	0	0	0	1	1	0	0	0
O35276	0	0	0	0	0	0	0	0	0	0	0	1	1	0	0	0
O35303	0	0	0	0	0	0	0	0	0	0	0	0	0	0	1	1
O35353	0	0	0	0	0	0	0	0	0	0	0	1	1	0	0	0
O35412	0	0	0	0	0	0	0	0	0	0	0	1	1	0	0	0
O35764	0	0	0	0	0	0	0	0	0	0	0	1	1	0	0	0
O54715	0	0	0	0	0	0	0	0	0	0	0	1	1	0	0	0
O54861	0	0	0	0	0	0	0	0	0	0	0	1	1	0	0	0
O54874	0	0	0	0	0	0	0	0	0	0	0	0	0	0	1	1
O70377	0	0	0	0	0	1	0	0	0	0	0	0	0	0	0	0
O70601	0	0	0	0	1	1	1	0	0	0	0	0	0	0	0	0
O88600	0	0	0	0	0	0	0	0	0	0	0	1	1	0	0	0
O88761	0	0	0	0	0	0	0	0	0	0	0	1	1	0	0	0
O88778	0	0	0	0	0	0	0	0	0	0	0	1	1	0	0	0
O88871	0	0	0	0	0	0	0	0	0	0	0	0	1	1	0	0
O88917	0	0	0	0	0	0	0	0	0	0	0	1	1	0	0	0
P00173	1	0	0	0	0	0	0	0	0	0	0	1	1	0	0	0
P00388	1	0	0	0	0	0	0	0	0	0	0	1	1	0	0	0
P00406	1	0	0	0	0	0	0	1	0	0	0	1	1	0	0	0
P00507	0	0	0	0	0	0	0	1	0	0	0	0	0	0	0	0
P01830	0	0	0	0	0	0	0	1	0	0	0	1	1	1	1	1
P01946	1	0	0	0	0	0	0	0	0	1	0	0	0	0	1	1
P02091	0	0	0	0	0	0	0	0	0	1	0	0	0	0	1	1
P02401	0	0	0	0	0	0	0	0	0	0	0	0	0	0	1	1
P02688	0	0	0	0	0	0	0	1	0	0	0	0	0	1	1	1
P02770	0	0	0	0	0	0	0	0	0	0	0	0	0	0	1	1
P04157	0	0	0	0	1	0	1	0	0	0	0	0	0	0	0	0
P04166	0	0	0	0	0	0	0	0	0	0	0	1	1	0	0	0
P04218	0	0	0	0	0	0	0	0	0	0	0	1	1	0	0	0
P04636	0	0	0	0	0	0	0	0	0	0	0	0	0	0	1	1
P04642	0	0	0	0	0	0	0	0	0	0	0	1	1	0	1	1
P04764	0	0	0	0	0	0	0	1	0	0	1	1	1	0	0	0
P04797	0	0	0	0	1	1	0	1	0	0	0	1	1	0	1	1
P04897	0	1	1	1	1	1	1	1	0	0	0	1	1	1	0	0
P05065	0	0	0	0	0	0	0	1	0	0	0	1	1	0	0	0
P05508	0	0	0	0	0	0	0	0	0	0	0	1	1	0	0	0
P05708	0	0	0	0	0	0	0	1	0	0	0	1	1	0	0	0
P05712	0	0	0	0	0	0	1	0	0	0	0	0	1	1	0	0
P06685	1	0	0	0	1	0	1	0	1	0	0	0	1	1	0	0
P06686	0	0	0	0	1	0	0	0	0	0	0	0	1	1	0	0
P06687	0	0	0	0	0	0	0	1	0	0	0	0	1	1	1	1
P06761	0	0	0	0	0	0	0	0	0	0	0	1	1	1	0	0
P06762	0	0	0	0	0	0	0	0	0	0	0	1	1	0	0	0
P07153	1	0	0	0	1	0	1	0	0	0	0	1	1	1	0	0
P07308	0	0	0	0	0	0	0	0	0	0	0	1	1	0	0	0
P07323	0	0	0	0	0	0	0	1	0	0	0	0	0	0	1	1
P07335	0	0	0	0	0	0	0	0	0	0	0	1	1	0	1	1
P07687	1	0	0	0	0	0	0	0	0	0	0	1	1	0	0	0
P07722	0	0	0	0	0	0	0	0	0	0	0	0	0	0	1	1
P07825	0	0	0	0	0	0	0	1	0	0	0	0	1	1	0	0
P07936	0	0	0	0	0	0	0	1	0	0	0	1	1	1	1	0
P08011	1	0	0	0	0	0	0	0	0	0	0	1	1	0	0	0
P08081	0	0	0	0	0	0	0	1	0	0	0	0	0	0	0	0
P08289	0	0	0	0	0	0	0	0	0	0	0	0	0	0	0	1
P08413	0	0	0	0	0	0	0	0	0	0	0	1	1	0	0	0
P08461	0	0	0	0	0	0	0	1	0	0	0	1	1	0	1	1
P08753	0	1	1	1	0	0	0	0	0	0	0	1	1	0	0	0
P09527	0	0	0	0	1	1	1	0	0	0	0	0	1	1	1	0
P09606	0	0	0	0	0	0	0	0	0	0	0	0	0	0	1	1
P09951	0	0	0	0	0	0	0	1	0	0	0	0	1	1	0	1
P0C169	0	0	0	0	0	0	0	0	0	0	0	1	1	0	0	0
P10111	0	0	0	0	0	0	0	0	0	0	0	1	1	0	0	0
P10719	0	0	1	1	0	0	0	1	0	1	0	1	1	0	1	1
P10824	0	0	0	0	0	0	0	1	0	0	0	1	1	1	0	0
P10860	0	0	0	0	0	0	0	0	0	0	0	0	0	0	1	1
P10888	1	0	0	0	0	0	0	0	0	0	0	1	1	0	0	0
P11167	0	0	0	0	0	0	0	0	0	0	0	0	0	1	1	0
P11240	1	0	0	0	0	0	0	0	0	0	0	1	1	0	0	0
P11275	0	0	0	0	0	0	0	1	0	0	0	1	1	1	1	1
P11442	0	0	0	0	0	0	0	1	0	0	0	0	0	1	1	1
P11505	0	0	0	0	0	0	0	0	0	0	0	0	1	1	0	0
P11608	0	0	0	0	0	0	0	0	0	0	0	1	1	0	0	0
P11730	0	0	0	0	0	0	0	1	0	0	0	0	0	1	0	0
P11951	1	0	0	0	0	0	0	0	0	0	0	1	1	0	0	0
P11980	0	0	0	0	0	0	0	1	0	0	0	0	0	0	1	1
P12075	1	0	0	0	0	0	0	0	0	0	0	1	1	0	0	0
P12368	0	0	0	0	0	0	0	0	0	0	0	1	1	0	0	0
P12369	0	0	0	0	0	0	0	0	0	0	0	1	1	0	1	1
P12785	0	0	0	0	0	0	0	1	0	0	0	0	0	0	1	1
P12839	0	0	0	0	0	0	0	0	0	0	0	1	1	1	0	1
P13221	0	0	0	0	0	0	0	1	0	0	0	0	0	0	0	0
P13233	0	0	0	0	0	0	0	1	0	0	0	0	0	1	1	1
P13471	0	0	0	0	0	0	0	0	0	0	0	1	1	0	0	0
P13596	0	0	0	0	0	0	0	0	0	0	0	1	1	1	1	1
P13635	0	0	0	0	0	0	0	0	0	0	0	1	1	0	0	0
P13852	0	0	0	0	0	0	0	1	0	0	0	1	1	0	0	0
P14562	0	0	0	0	0	0	0	0	0	0	0	1	1	0	0	0
P15146	0	0	0	0	0	0	0	0	0	0	0	0	0	0	1	1
P15205	0	0	0	0	0	0	0	0	0	0	0	1	1	0	1	1
P15999	0	0	0	0	1	0	0	1	0	0	0	1	1	1	1	1
P16036	0	0	0	0	0	0	0	0	0	0	0	1	1	0	0	0
P16086	0	0	0	0	0	0	0	1	0	0	0	0	0	0	1	1
P16617	0	0	0	0	0	0	0	1	0	0	0	0	0	0	0	0
P16638	0	0	0	0	0	0	0	0	0	0	0	1	1	0	1	1
P16970	1	0	0	0	0	0	0	0	0	0	0	1	1	1	0	0
P17046	0	0	0	0	0	0	0	0	0	0	0	1	1	0	0	0
P17074	0	0	0	0	0	0	0	0	0	0	0	1	1	0	0	0
P17764	0	0	0	0	0	0	0	0	0	0	0	1	1	0	0	0
P18211	0	0	0	0	1	0	1	0	0	0	0	0	0	0	0	0
P18421	0	0	0	0	0	0	0	0	0	0	0	0	0	0	1	1
P18484	0	0	0	0	0	0	0	0	0	0	0	1	1	0	0	0
P19139	0	0	0	0	0	0	0	0	0	0	0	1	1	0	0	0
P19234	0	0	0	0	0	0	0	1	0	0	0	1	1	1	0	0
P19491	0	0	0	0	0	0	0	0	0	0	0	0	1	1	0	0
P19511	1	0	0	0	0	0	0	1	0	0	0	1	1	1	0	0
P19527	0	0	0	0	0	0	0	0	0	0	0	1	1	1	0	0
P19627	0	0	0	0	0	0	0	1	0	0	0	1	1	1	1	1
P20070	1	0	0	0	0	0	0	0	0	0	0	1	1	1	0	0
P20171	0	0	0	0	0	0	0	0	0	0	0	1	1	0	0	0
P20788	1	0	0	0	0	0	0	0	0	0	0	1	1	1	0	0
P20974	0	0	0	0	1	1	0	0	0	0	0	0	0	0	0	0
P21396	1	0	0	0	0	0	0	0	0	0	0	1	1	0	0	0
P21533	0	0	0	0	0	0	0	0	0	0	0	0	0	0	0	1
P21571	1	0	0	0	0	0	0	0	0	0	0	1	1	0	0	0
P21575	0	0	0	0	0	0	0	1	0	0	0	1	1	0	0	0
P21707	0	0	0	0	0	0	0	0	0	0	0	0	1	0	0	0
P21913	0	0	0	0	0	0	0	0	0	0	0	1	1	0	0	0
P21932	0	0	0	0	0	0	0	0	0	0	0	1	1	0	0	0
P22063	0	0	0	0	0	0	0	1	0	0	0	1	1	1	1	1
P23358	0	0	0	0	0	0	0	0	0	0	0	0	0	0	1	1
P23505	0	0	0	0	1	1	1	0	0	0	0	0	0	0	0	0
P23565	0	0	0	0	0	0	0	0	0	0	0	1	1	1	0	0
P23978	0	0	0	0	0	0	0	0	0	0	0	0	1	1	1	0
P25113	0	0	0	0	0	0	0	0	0	0	0	1	1	0	0	0
P25235	1	0	0	0	0	0	0	0	0	0	0	1	1	0	0	0
P25286	0	0	0	0	0	0	0	0	0	0	0	1	1	0	0	0
P26051	0	0	0	0	0	0	1	0	0	0	0	0	0	0	0	0
P26284	0	0	0	0	0	0	0	0	0	0	0	1	1	0	0	0
P26453	1	0	0	0	1	1	1	0	0	0	0	0	1	0	1	1
P27274	0	0	0	0	1	1	1	0	0	0	0	1	1	0	1	0
P27471	0	0	0	0	1	0	1	0	0	0	0	0	0	0	0	0
P27615	1	0	0	0	1	0	1	0	0	0	0	1	1	0	0	0
P27791	0	0	0	0	0	0	0	0	0	0	0	1	1	0	0	0
P28023	0	0	0	0	0	0	0	0	0	0	0	1	1	0	1	0
P28073	0	0	0	0	0	0	0	0	0	0	0	1	1	0	0	0
P28480	0	0	0	0	0	0	0	0	0	0	0	1	1	1	0	0
P29418	0	0	0	0	0	0	0	0	0	0	0	1	1	0	0	0
P29419	1	0	0	0	0	0	0	0	0	1	0	1	1	0	0	0
P29826	0	0	0	0	1	1	1	0	0	0	0	0	0	0	0	0
P29994	0	0	0	0	0	0	0	0	0	0	0	1	1	0	0	0
P30009	0	0	0	0	0	0	0	0	0	0	0	1	1	0	0	0
P30839	1	0	0	0	0	0	0	0	0	0	0	1	1	0	0	0
P31000	0	1	1	1	0	0	0	0	0	1	0	1	1	0	0	0
P31016	0	0	0	0	0	0	0	1	0	0	0	1	1	0	0	0
P31399	0	0	0	0	0	0	0	1	0	0	0	1	1	0	0	0
P31596	0	0	0	0	0	0	0	1	0	0	0	0	1	0	1	0
P31662	0	0	0	0	0	0	0	0	0	0	0	1	1	0	0	0
P32089	1	0	0	0	0	0	0	0	0	0	0	1	1	0	0	0
P32551	1	0	0	0	0	0	0	1	0	0	0	1	1	1	0	0
P32736	0	0	0	0	0	0	0	0	0	0	0	1	1	0	1	1
P34058	0	0	0	0	0	0	0	0	0	0	0	1	1	0	0	0
P35053	0	0	0	0	0	0	0	0	0	0	0	1	1	0	0	0
P35171	1	0	0	0	0	0	0	0	0	0	0	1	1	0	0	0
P35434	1	0	0	0	0	0	0	0	0	0	0	1	1	0	0	0
P35435	0	0	0	0	0	0	0	1	0	0	0	1	1	0	0	0
P35439	0	0	0	0	0	0	0	0	0	0	0	0	1	1	0	0
P35565	1	0	0	0	0	0	0	0	0	0	0	1	1	0	1	1
P35571	0	0	0	0	0	0	0	0	0	0	0	1	1	0	0	0
P35704	0	0	0	0	0	0	0	0	0	0	0	1	1	0	1	1
P38650	0	0	0	0	0	0	0	0	0	0	0	1	1	0	1	1
P42123	0	0	0	0	0	0	0	0	0	0	0	0	0	0	1	1
P42667	0	0	0	0	0	0	0	0	0	0	0	1	1	0	0	0
P45592	0	0	0	0	0	0	0	0	0	0	0	1	1	0	1	1
P46101	0	0	0	0	0	0	0	0	0	0	0	1	1	0	0	0
P46462	0	0	0	0	0	0	0	0	0	0	0	0	0	0	1	1
P47819	0	0	0	0	0	0	0	0	0	0	0	1	1	0	1	1
P47858	0	0	0	0	0	0	0	0	0	0	0	1	1	0	0	0
P47860	0	0	0	0	0	0	0	1	0	0	0	1	1	0	0	1
P47942	0	0	0	0	0	0	0	0	0	0	0	1	1	0	0	0
P47971	0	0	0	0	0	0	0	0	0	0	0	1	1	0	0	0
P48284	0	0	0	0	0	0	0	1	0	0	0	0	0	0	0	0
P48721	0	0	0	0	0	0	0	0	0	0	0	1	1	0	0	0
P49134	0	0	0	0	0	0	0	0	0	0	0	1	1	0	0	0
P49432	0	0	0	0	0	0	0	1	0	0	0	1	1	0	1	1
P49803	0	0	0	0	0	0	0	0	0	0	0	1	1	0	0	0
P50398	0	0	0	0	0	0	0	0	0	0	0	0	0	0	1	1
P50408	0	0	0	0	0	0	0	0	0	0	0	1	1	0	1	1
P52303	0	0	0	0	0	0	0	0	0	0	0	1	1	1	0	0
P53534	0	0	0	0	0	0	0	0	0	0	0	1	1	0	0	0
P53987	1	0	0	0	1	0	0	0	0	0	0	1	1	0	0	0
P54290	0	0	0	0	0	0	0	0	0	0	0	1	1	0	1	1
P54311	0	1	0	1	0	0	0	0	0	0	0	1	1	0	1	1
P54313	0	1	1	0	0	0	0	1	0	0	0	1	1	1	0	0
P55161	0	0	0	0	0	0	0	0	0	0	0	1	1	0	0	1
P58200	0	0	0	0	0	0	0	0	0	0	0	1	1	0	0	0
P59215	0	0	0	0	0	0	1	1	0	0	0	1	1	1	1	1
P60570	0	0	0	0	0	0	0	0	0	0	0	1	1	0	0	0
P60756	0	0	0	0	0	0	0	0	0	0	0	1	1	1	0	0
P60881	0	0	0	0	0	0	0	1	0	0	0	0	1	1	0	0
P60905	0	0	0	0	0	0	0	0	0	0	0	1	1	0	0	0
P61023	0	0	0	0	0	0	0	0	0	0	0	1	1	0	0	0
P61107	0	0	0	0	0	0	0	0	0	0	0	0	1	1	0	0
P61265	0	0	0	0	0	0	0	0	0	0	0	0	1	1	0	0
P61589	1	0	0	0	0	0	0	0	0	0	0	1	1	1	0	0
P61621	0	0	0	0	0	0	0	0	0	0	0	1	1	0	0	0
P61751	0	0	0	0	0	0	0	0	0	0	0	1	1	0	0	0
P61765	0	0	0	0	0	0	0	1	0	0	0	0	1	1	0	0
P61805	0	0	0	0	0	0	0	0	0	0	0	1	1	0	0	0
P61980	0	0	0	0	0	0	0	0	0	0	0	1	1	0	0	0
P61983	0	0	0	0	0	0	0	1	0	0	0	1	1	1	0	0
P62161	0	0	0	0	0	0	0	0	0	0	0	1	1	0	0	0
P62198	0	0	0	0	0	0	0	0	0	0	0	1	1	0	0	0
P62250	0	0	0	0	0	0	0	0	0	0	0	1	1	0	0	0
P62260	0	0	0	0	0	0	0	0	0	0	0	1	1	0	0	0
P62494	0	0	0	0	0	0	0	0	0	0	0	0	1	1	0	0
P62630	0	0	0	0	0	0	0	0	0	0	0	1	1	0	0	0
P62747	0	0	0	0	0	0	0	0	0	0	0	1	1	0	0	0
P62762	0	0	0	0	0	0	0	0	0	0	0	1	1	0	0	0
P62804	0	0	0	0	0	0	0	0	0	0	0	1	1	0	0	0
P62815	1	1	1	1	0	0	0	0	0	0	0	1	1	1	0	0
P62882	0	0	0	0	0	0	0	0	0	0	0	1	1	0	0	0
P62944	0	0	0	0	0	0	0	1	0	0	0	1	1	1	0	0
P63012	0	0	0	0	0	0	0	1	0	0	0	0	1	0	0	0
P63018	0	0	0	0	0	0	0	0	0	0	1	1	1	1	0	0
P63039	0	0	0	0	0	0	0	1	0	0	0	1	1	0	0	0
P63045	0	0	0	0	0	0	0	1	0	0	0	0	1	1	0	0
P63079	0	0	0	0	0	0	0	0	0	0	0	0	1	1	0	0
P63081	0	0	0	0	0	0	0	0	1	0	0	1	1	0	1	1
P63088	0	0	0	0	0	0	0	0	0	0	0	1	1	0	0	0
P63095	0	0	0	0	0	0	0	0	0	0	0	1	1	0	0	0
P63102	0	0	0	0	0	0	0	1	0	0	0	1	1	0	0	0
P63170	0	0	0	0	0	0	0	0	0	0	0	1	1	0	0	0
P63259	0	0	0	0	0	0	0	0	0	1	0	1	1	0	1	1
P63319	0	0	0	0	0	0	0	1	0	0	0	0	0	1	0	0
P63322	0	0	0	0	0	0	0	0	0	0	0	0	1	1	0	0
P63329	0	0	0	0	0	0	0	1	0	0	0	0	0	0	0	0
P67779	1	0	0	0	0	0	0	1	0	1	0	1	1	0	0	0
P68255	0	0	0	0	0	0	0	0	0	0	0	1	1	1	0	0
P68370	0	0	0	0	0	0	0	1	0	0	0	1	1	0	0	0
P68511	0	0	0	0	0	0	0	0	0	0	0	1	1	1	0	0
P69897	0	0	0	0	0	0	0	0	0	0	0	1	1	1	0	0
P70490	0	1	1	0	0	0	0	0	0	0	0	1	1	0	0	0
P70500	0	0	0	0	0	0	0	0	0	0	0	1	1	0	0	0
P70566	0	0	0	0	0	0	0	0	0	0	0	1	1	0	0	0
P70580	0	0	0	0	0	0	0	0	0	0	0	1	1	0	0	0
P70587	0	0	0	0	0	0	0	1	0	0	0	1	1	0	0	0
P81155	0	0	0	0	1	0	1	0	0	0	0	1	1	1	0	0
P82471	0	0	0	0	0	0	0	0	0	0	0	1	1	1	0	0
P82995	0	0	0	0	0	0	0	1	0	0	0	1	1	0	1	1
P84076	0	0	0	0	0	0	0	0	0	0	0	1	1	0	0	0
P84092	0	0	0	0	0	0	0	0	0	0	0	1	1	1	0	0
P84245	0	0	0	0	0	0	0	0	0	0	0	1	1	0	0	0
P85007	0	0	0	0	0	0	0	0	0	0	0	1	1	0	0	0
P85108	0	0	0	0	0	0	0	0	0	0	0	1	1	0	0	0
P85171	0	0	0	0	0	0	0	0	0	0	0	1	1	0	0	0
P85515	0	0	0	0	0	0	0	0	0	0	0	1	1	0	0	0
P97521	1	0	0	0	0	0	0	0	0	0	0	1	1	0	0	0
P97536	0	0	0	0	0	0	0	0	0	0	0	1	1	0	1	1
P97544	0	0	0	0	0	0	0	0	0	0	0	1	1	0	0	0
P97546	0	0	0	0	0	0	0	0	0	0	0	1	1	0	0	0
P97603	0	0	0	0	0	0	0	0	0	0	0	1	1	0	0	0
P97685	0	0	0	0	0	0	0	0	0	0	0	1	1	1	1	1
P97686	0	0	0	0	0	0	0	0	0	0	0	1	1	0	0	0
P97700	1	0	0	0	0	0	0	0	0	0	0	1	1	1	0	0
P97710	0	0	0	0	0	0	0	0	0	0	0	1	1	0	0	0
P97829	0	0	0	0	1	0	0	0	0	0	0	0	0	0	1	0
P97846	0	0	0	0	0	0	0	0	0	0	0	1	1	1	1	1
Q00715	0	0	0	0	0	0	0	0	0	0	0	1	1	0	0	0
Q01062	0	0	0	0	0	0	0	1	0	0	0	1	1	1	1	1
Q01205	0	0	0	0	0	0	0	0	0	0	0	1	1	0	0	0
Q02563	0	0	0	0	0	0	0	1	0	0	0	0	1	0	1	1
Q02769	0	0	0	0	0	0	0	0	0	0	0	1	1	0	0	0
Q05140	0	0	0	0	0	0	0	0	0	0	0	1	1	0	1	1
Q05175	0	0	0	0	1	1	1	0	0	0	0	0	0	1	1	1
Q05546	0	0	0	0	0	0	0	0	0	0	0	1	1	0	1	1
Q05695	0	0	0	0	0	0	0	0	0	0	0	1	1	0	0	0
Q05759	0	0	0	0	0	0	0	1	0	0	0	0	0	0	0	0
Q05962	0	0	0	0	1	0	0	1	0	0	0	0	1	1	0	1
Q05982	0	0	0	0	0	0	0	0	0	0	0	1	1	0	0	0
Q06647	1	0	0	0	0	0	0	0	0	0	0	1	1	1	0	0
Q07066	0	0	0	0	0	0	0	0	0	0	0	1	1	0	0	0
Q07266	0	0	0	0	0	0	0	0	0	0	0	1	1	1	0	0
Q07310	0	0	0	0	0	0	0	0	0	0	0	1	1	0	1	1
Q07984	0	0	0	0	0	0	0	0	0	0	0	1	1	0	0	0
Q08163	0	0	0	0	0	0	0	0	0	0	0	1	1	0	1	1
Q08406	0	0	0	0	0	0	0	0	0	0	0	1	1	0	0	0
Q09073	1	0	0	0	0	0	0	1	0	0	0	0	1	0	0	0
Q0VGK4	0	0	0	0	0	0	0	0	0	0	0	1	1	0	0	0
Q1H5H1	0	0	0	0	0	0	0	0	0	0	0	1	1	0	0	0
Q1WIM3	0	0	0	0	0	0	0	0	0	0	0	1	1	0	0	0
Q2TA68	0	0	0	0	0	0	0	0	0	0	0	1	1	0	0	0
Q3KRE0	0	0	0	0	0	0	0	0	0	0	0	1	1	0	0	0
Q3KRE8	0	0	0	0	0	0	0	0	0	0	0	1	1	0	0	0
Q4FZT0	0	0	0	0	0	0	0	0	0	0	0	1	1	0	0	0
Q4FZT9	0	0	0	0	0	0	0	0	0	0	0	1	1	0	0	0
Q4KLL4	0	0	0	0	0	0	0	0	0	0	0	1	1	0	0	0
Q4QRB4	0	0	0	0	0	0	0	0	0	0	0	1	1	0	0	0
Q4V897	0	0	0	0	0	0	0	0	0	0	0	1	1	0	0	0
Q4V8C2	0	0	0	0	0	0	0	0	0	0	0	1	1	0	0	0
Q4V8I7	0	0	0	0	0	0	0	0	0	0	0	1	1	0	0	0
Q505J9	0	0	0	0	0	0	0	0	0	0	0	1	1	0	0	0
Q561S0	0	0	0	0	0	0	0	1	0	0	0	1	1	0	0	0
Q568Z4	0	0	0	0	0	0	0	0	0	0	0	1	1	0	0	0
Q569C0	0	0	0	0	0	0	0	0	0	0	0	1	1	0	0	0
Q5BJU5	0	0	0	0	0	0	0	0	0	0	0	1	1	0	0	0
Q5BK63	1	0	0	0	0	0	0	0	0	0	0	1	1	0	0	0
Q5EB81	0	0	0	0	0	0	0	0	0	0	0	1	1	0	0	0
Q5FVI4	0	0	0	0	0	0	0	1	0	0	0	1	1	0	0	0
Q5FVI6	0	0	0	0	0	0	0	1	0	0	0	1	1	0	0	1
Q5HZA9	0	0	0	0	0	0	0	0	0	0	0	1	1	0	0	0
Q5HZE0	0	0	0	0	0	0	0	0	0	0	0	1	1	0	0	0
Q5I0H4	0	0	0	0	0	0	0	0	0	0	0	1	1	0	0	0
Q5M7T4	0	0	0	0	0	0	0	0	0	0	0	1	1	0	0	0
Q5M7U6	0	0	0	0	0	0	0	0	0	0	0	1	1	1	0	0
Q5M9I5	0	0	0	0	0	0	0	0	0	0	0	1	1	0	0	0
Q5PPL3	0	0	0	0	0	0	0	0	0	0	0	1	1	0	0	0
Q5PPM8	0	0	0	0	0	0	0	0	0	0	0	1	1	0	0	0
Q5PPN7	0	0	0	0	0	0	0	0	0	0	0	1	1	0	0	0
Q5RJR8	0	0	0	0	0	0	0	0	0	0	0	1	1	0	0	0
Q5RJY4	0	0	0	0	0	0	0	0	0	0	0	1	1	0	0	0
Q5SGE0	0	0	0	0	0	0	0	0	0	0	0	1	1	0	0	0
Q5U2X6	0	0	0	0	0	0	0	0	0	0	0	1	1	0	0	0
Q5XI31	0	0	0	0	0	0	0	0	0	0	0	1	1	0	0	0
Q5XI32	0	0	0	0	0	0	0	0	0	0	0	1	1	1	0	0
Q5XI78	0	0	0	0	0	0	0	1	0	0	0	1	1	0	0	0
Q5XIC2	0	0	0	0	0	0	0	0	0	0	0	1	1	0	0	0
Q5XIF3	0	0	0	0	0	0	0	0	0	0	0	1	1	0	0	0
Q5XIF6	0	0	0	0	0	0	0	0	0	0	0	1	1	1	0	0
Q5XIG4	0	0	0	0	0	0	0	0	0	0	0	1	1	0	0	0
Q5XIH3	1	0	0	0	0	0	0	1	0	0	0	0	0	0	0	0
Q5XIH7	0	0	0	0	0	0	0	0	0	0	1	1	1	0	0	0
Q5XIM9	0	0	0	0	0	0	0	0	0	0	0	1	1	1	0	0
Q5XIN6	0	0	0	0	0	0	0	0	0	0	0	1	1	0	0	0
Q5XIP9	0	0	0	0	0	0	0	0	0	0	0	1	1	0	0	0
Q5XIU9	0	0	0	0	0	0	0	0	0	0	0	1	1	0	0	0
Q60587	0	0	0	0	0	0	0	0	0	0	0	1	1	1	0	0
Q62609	0	0	0	0	0	0	0	1	0	0	0	1	1	1	0	0
Q62636	0	0	0	0	0	0	0	0	0	0	0	0	1	1	0	0
Q62638	0	0	0	0	0	0	0	0	0	0	0	1	1	0	0	0
Q62718	0	0	0	0	0	0	0	1	0	0	0	1	1	0	0	0
Q62745	0	0	0	0	0	0	0	0	0	0	0	1	1	0	1	1
Q62760	0	0	0	0	0	0	0	0	0	0	0	1	1	0	0	0
Q62765	0	0	0	0	0	0	0	0	0	0	0	1	1	1	0	0
Q62768	0	0	0	0	0	0	0	0	0	0	0	1	1	1	0	0
Q62813	0	0	0	0	0	0	0	0	0	0	0	1	1	1	0	0
Q62844	0	0	0	0	0	0	0	0	0	0	0	1	1	0	0	0
Q62845	0	0	0	0	0	0	0	0	0	0	0	1	1	0	0	0
Q62889	0	0	0	0	0	0	0	0	0	0	0	1	1	0	0	0
Q62902	1	0	0	0	0	0	0	0	0	0	0	1	1	0	0	0
Q62936	0	0	0	0	0	0	0	0	0	0	0	1	1	1	0	0
Q62950	0	0	0	0	0	0	0	0	0	0	0	1	1	1	0	0
Q62952	0	0	0	0	0	0	0	0	0	0	0	1	1	0	0	0
Q62991	0	0	0	0	0	0	0	0	0	0	0	1	1	0	0	0
Q63016	0	0	0	0	1	0	1	0	0	0	0	0	1	0	0	0
Q63092	0	0	0	0	0	0	0	0	0	0	0	1	1	1	0	0
Q63198	0	0	0	0	0	0	0	0	0	0	0	1	1	1	1	1
Q63345	0	0	0	0	0	0	0	1	0	0	0	0	0	0	1	1
Q63362	0	0	0	0	0	0	0	0	0	0	0	1	1	0	0	0
Q63372	0	0	0	0	0	0	0	0	0	0	0	1	1	0	0	0
Q63374	0	0	0	0	0	0	0	0	0	0	0	1	1	0	0	0
Q63377	1	0	0	0	0	0	0	0	0	0	0	0	1	0	1	1
Q63524	0	0	0	0	0	0	0	0	0	0	0	1	1	0	0	0
Q63537	0	0	0	0	0	0	0	1	0	0	0	0	1	1	1	0
Q63560	0	0	0	0	0	0	0	1	0	0	0	0	0	0	0	0
Q63584	1	0	0	0	0	0	0	0	0	0	0	0	1	0	0	0
Q63622	0	0	0	0	0	0	0	1	0	0	0	1	1	1	0	0
Q63707	0	0	0	0	0	0	0	0	0	0	0	1	1	0	0	0
Q63716	0	0	0	0	0	1	0	0	0	0	0	0	0	1	0	0
Q63965	1	0	0	0	0	0	0	0	0	0	0	0	1	0	0	0
Q64119	0	0	0	0	0	0	0	0	0	0	0	1	1	0	0	0
Q641Y8	0	0	0	0	0	0	0	0	0	0	0	0	0	0	1	0
Q64428	1	0	0	0	0	0	0	0	0	0	0	1	1	0	1	0
Q64548	0	0	0	0	0	0	0	0	0	0	0	1	1	0	0	0
Q64560	0	0	0	0	0	0	0	0	0	0	0	1	1	0	0	0
Q64654	0	0	0	0	0	0	0	0	0	0	0	1	1	0	0	0
Q66HA6	0	0	0	0	0	0	0	0	0	0	0	1	1	0	0	0
Q66HF1	1	0	0	0	0	0	0	0	0	0	0	1	1	1	0	0
Q68FQ0	0	0	0	0	0	0	0	0	0	0	0	1	1	0	0	0
Q68FY0	0	0	0	0	0	0	0	0	0	0	0	1	1	1	0	0
Q6AXM8	0	0	0	0	0	0	0	0	0	0	0	1	1	0	0	0
Q6AXS4	0	0	0	0	0	0	0	0	0	0	0	1	1	0	0	0
Q6AXV4	0	0	0	0	0	0	0	0	0	0	0	1	1	1	0	0
Q6AY30	1	0	0	0	0	0	0	0	0	0	0	0	0	0	0	1
Q6AY41	0	0	0	0	0	0	0	0	0	0	0	1	1	0	0	0
Q6AY55	0	0	0	0	0	0	0	0	0	0	0	1	1	0	0	0
Q6AYH5	0	0	0	0	0	0	0	0	0	0	0	1	1	0	1	1
Q6AYQ1	0	0	0	0	0	0	0	0	0	0	0	1	1	0	0	0
Q6IFV3	0	0	0	0	0	0	0	0	0	0	0	1	1	0	0	0
Q6IFW6	0	0	0	0	0	0	0	0	0	0	0	1	1	0	0	0
Q6IMF3	0	0	0	0	0	0	0	0	0	0	0	1	1	0	0	0
Q6JAM9	0	0	0	0	0	0	0	0	0	0	0	1	1	0	0	0
Q6MG82	0	0	0	0	0	0	0	0	0	0	0	1	1	0	0	0
Q6NYB7	0	0	0	0	0	0	0	0	0	0	0	0	1	1	0	0
Q6P502	0	0	0	0	0	0	0	0	0	0	0	0	0	1	1	1
Q6P6Q2	0	0	0	0	0	0	0	0	0	0	0	1	1	0	0	0
Q6P6R2	0	0	0	0	0	0	0	0	0	0	0	1	1	1	1	1
Q6P7R8	1	0	0	0	0	0	0	0	0	0	0	1	1	0	0	0
Q6P9T8	0	0	0	0	0	0	0	1	0	0	0	0	0	1	0	0
Q6P9V9	0	0	0	0	0	0	0	0	0	0	0	1	1	0	0	0
Q6PCU2	0	0	0	0	0	0	0	1	0	1	0	1	1	1	0	0
Q6PEC3	0	0	0	0	0	0	0	0	0	0	0	1	1	0	0	0
Q6PEC4	0	0	0	0	0	0	0	0	0	0	0	1	1	1	1	1
Q6QLM7	0	0	0	0	0	0	0	0	0	0	0	1	1	0	0	0
Q6RUV5	0	0	0	0	0	0	0	0	0	0	0	1	1	1	0	0
Q6UPR8	0	0	0	0	0	0	0	0	0	0	0	1	1	0	0	0
Q6VBQ5	0	0	0	0	0	0	0	0	0	0	0	1	1	1	1	1
Q75Q39	0	0	0	0	0	0	0	1	0	0	0	1	1	1	0	0
Q75Q40	0	0	0	0	0	0	0	0	0	0	0	1	1	1	0	0
Q765A7	0	0	0	0	0	0	0	0	0	0	0	1	1	0	0	0
Q78P75	0	0	0	0	0	0	0	0	0	0	0	1	1	0	0	0
Q792I0	0	0	0	0	0	0	0	0	0	0	0	1	1	0	0	0
Q7TMB7	0	0	0	0	0	0	0	0	0	0	0	1	1	0	0	0
Q7TP47	0	0	0	0	0	0	0	0	0	0	0	1	1	0	0	0
Q7TPB1	0	0	0	0	0	0	0	0	0	0	0	1	1	0	1	1
Q7TPJ0	0	0	0	0	0	0	0	0	0	0	0	1	1	0	0	0
Q80W89	0	0	0	0	0	0	0	0	0	0	0	1	1	0	0	0
Q80WD1	0	0	0	0	0	0	0	0	0	0	0	1	1	1	0	0
Q80WF4	0	0	0	0	0	0	0	0	0	0	0	1	1	0	0	0
Q80Z70	0	0	0	0	0	0	0	0	0	0	0	1	1	0	0	0
Q8CFG5	0	0	0	0	0	0	0	0	0	0	0	1	1	1	1	1
Q8CFG6	0	0	0	0	0	0	0	0	0	0	0	1	1	1	1	1
Q8CFN2	0	0	0	0	0	0	0	0	0	0	0	1	1	0	0	1
Q8K3M6	0	0	0	0	0	0	0	0	0	0	0	1	1	1	0	0
Q8R4E1	0	0	0	0	0	0	0	0	0	0	0	1	1	0	0	0
Q8VGC3	0	0	0	0	0	0	0	0	0	0	0	1	1	0	0	0
Q8VHF5	0	0	0	0	0	0	0	1	0	0	0	1	1	0	0	0
Q91XU8	0	0	0	0	0	0	0	0	0	0	0	1	1	0	1	0
Q91XV6	0	0	0	0	0	0	0	0	0	0	0	1	1	0	0	0
Q91Y81	0	0	0	0	0	0	0	0	0	0	0	0	0	1	0	1
Q920L2	1	0	0	0	0	0	0	0	1	0	0	1	1	1	0	0
Q920Q0	0	0	0	0	0	0	0	1	0	0	0	0	0	1	0	0
Q924P2	0	0	0	0	0	0	0	0	0	0	0	1	1	0	0	0
Q99376	0	0	0	0	0	0	0	0	0	0	0	1	1	0	0	0
Q99ML5	0	0	0	0	0	0	0	0	0	0	0	1	1	0	0	0
Q99NA5	0	0	0	0	0	0	0	1	0	0	0	0	0	0	0	0
Q9EPF2	0	0	0	0	1	0	1	0	0	0	0	0	0	0	0	0
Q9EPH8	0	0	0	0	0	0	0	0	0	0	0	0	0	0	0	1
Q9ER34	0	0	0	0	0	0	0	1	0	0	0	0	0	0	0	0
Q9ERB4	0	0	0	0	0	0	0	0	0	0	0	1	1	0	1	1
Q9ERS3	0	0	0	0	0	0	0	1	0	0	0	0	0	0	0	0
Q9JHY2	1	0	0	0	0	0	0	0	0	0	0	0	1	1	0	0
Q9JHZ9	1	0	0	0	0	0	0	0	0	0	0	0	1	0	0	0
Q9JI12	0	0	0	0	0	0	0	0	0	0	0	0	0	1	1	0
Q9JID2	0	0	0	0	0	0	0	0	0	0	0	1	1	0	0	0
Q9JIR4	0	0	0	0	0	0	0	0	0	0	0	1	1	0	0	0
Q9JJM9	0	0	0	0	0	0	0	0	0	0	0	1	1	0	0	0
Q9JJW3	1	0	0	0	0	0	0	0	0	0	0	1	1	0	0	0
Q9JK11	0	0	0	0	0	0	0	0	0	0	0	1	1	0	0	0
Q9JKS6	0	0	0	0	0	0	0	0	0	0	0	1	1	1	0	0
Q9JL55	0	0	0	0	0	0	0	0	0	0	0	1	1	0	0	0
Q9JLT0	0	0	0	0	0	0	0	0	0	0	0	1	1	1	0	0
Q9JLU4	0	0	0	0	0	0	0	0	0	0	0	1	1	0	0	0
Q9QUH6	0	0	0	0	0	0	0	1	0	0	0	1	1	0	0	0
Q9QUL6	0	0	0	0	0	0	0	1	0	0	0	0	1	1	1	1
Q9QWN8	0	0	0	0	0	0	0	1	0	0	0	1	1	1	0	1
Q9QXY2	0	0	0	0	0	0	0	1	0	0	0	0	0	1	0	0
Q9QYF3	0	0	0	0	0	0	0	0	0	0	0	1	1	1	0	0
Q9QYJ2	0	0	0	0	0	0	0	0	0	0	0	1	1	0	0	0
Q9R066	0	0	0	0	0	0	0	0	0	0	0	1	1	0	0	0
Q9R1Z0	0	0	0	0	1	0	0	0	0	0	0	1	1	1	0	0
Q9WTR7	0	0	0	0	0	0	0	0	0	0	0	1	1	0	0	0
Q9WU34	0	0	0	0	0	0	0	0	0	0	0	1	1	0	0	0
Q9WU82	0	0	0	0	0	0	0	0	0	0	0	1	1	1	0	0
Q9WUD9	0	0	0	0	0	0	0	0	0	0	0	1	1	0	0	0
Q9WV48	0	0	0	0	0	0	0	0	0	0	0	1	1	0	0	0
Q9WVC0	0	0	0	0	0	0	0	0	0	0	0	1	1	0	0	0
Q9Z0J8	0	0	0	0	0	0	0	0	0	0	0	1	1	1	1	1
Q9Z122	0	0	0	0	0	0	0	0	0	0	0	1	1	0	0	0
Q9Z142	0	0	0	0	0	0	0	0	0	0	0	1	1	0	0	0
Q9Z173	0	0	0	0	0	0	0	0	0	0	0	1	1	1	0	0
Q9Z1E1	0	1	1	1	0	1	0	0	0	0	0	1	1	0	1	1
Q9Z1P2	0	0	0	0	0	0	0	0	0	0	0	1	1	1	0	0
Q9Z1X1	0	0	0	0	0	0	0	0	0	0	0	1	1	0	0	0
Q9Z1Y3	0	0	0	0	0	0	0	0	0	0	0	1	1	0	0	0
Q9Z214	0	0	0	0	0	0	0	1	0	0	0	1	1	0	0	0
Q9Z269	0	0	0	0	0	0	0	0	0	0	0	0	1	0	0	0
Q9Z270	1	0	0	0	0	0	0	0	0	0	0	0	1	0	0	0
Q9Z2L0	0	1	1	1	0	0	0	1	0	0	1	1	1	1	0	0
Q9Z2S9	1	1	1	1	1	1	1	0	0	0	0	1	1	1	1	1
Q9Z2Z8	0	0	0	0	0	0	0	0	0	0	0	1	1	0	0	0
